D,k,ndcg,p_marg,p_max,sample,set,top1,top10,top20,top3,top5,topk_auc
0.001,,0.4070679192957653,-150.47945868577233,-1.0,0.0,train,12.903225806451612,54.83870967741935,70.96774193548387,35.483870967741936,51.61290322580645,0.5516129032258065
0.005,,0.4089039696884827,-149.28155281396243,-1.0,0.0,train,12.903225806451612,54.83870967741935,70.96774193548387,35.483870967741936,51.61290322580645,0.5516129032258065
0.01,,0.4070679192957653,-149.05997162071856,-1.0,0.0,train,12.903225806451612,54.83870967741935,70.96774193548387,35.483870967741936,51.61290322580645,0.5516129032258065
0.05,,0.4085365424310592,-150.34437695436978,-1.0,0.0,train,12.903225806451612,54.83870967741935,70.96774193548387,35.483870967741936,51.61290322580645,0.5532258064516129
0.1,,0.4084715311373998,-152.27659268157308,-1.0,0.0,train,12.903225806451612,54.83870967741935,70.96774193548387,35.483870967741936,51.61290322580645,0.5516129032258065
0.2,,0.41448928834119697,-155.67497677838932,-1.0,0.0,train,12.903225806451612,54.83870967741935,70.96774193548387,35.483870967741936,51.61290322580645,0.5532258064516129
0.3,,0.41448928834119697,-158.82190863096244,-1.0,0.0,train,12.903225806451612,54.83870967741935,70.96774193548387,35.483870967741936,51.61290322580645,0.5532258064516129
0.5,,0.43036437502174446,-162.87893487002424,-1.0,0.0,train,19.35483870967742,54.83870967741935,70.96774193548387,35.483870967741936,51.61290322580645,0.5580645161290323
0.0,,,,,0.0,test,14.000000000000002,52.0,68.0,28.000000000000004,40.0,0.986
0.001,,0.4133927231152476,-143.2641205643802,-1.0,1.0,train,12.903225806451612,64.51612903225806,77.41935483870968,38.70967741935484,45.16129032258064,0.5854838709677419
0.005,,0.4133927231152476,-144.1499850847224,-1.0,1.0,train,12.903225806451612,64.51612903225806,77.41935483870968,38.70967741935484,45.16129032258064,0.5854838709677419
0.01,,0.41345773440890693,-145.0024988474659,-1.0,1.0,train,12.903225806451612,64.51612903225806,77.41935483870968,38.70967741935484,45.16129032258064,0.5870967741935483
0.05,,0.41550517083119953,-149.17355976647178,-1.0,1.0,train,12.903225806451612,64.51612903225806,77.41935483870968,38.70967741935484,45.16129032258064,0.5887096774193549
0.1,,0.41746117720790454,-152.60491912016283,-1.0,1.0,train,12.903225806451612,64.51612903225806,80.64516129032258,38.70967741935484,45.16129032258064,0.5887096774193549
0.2,,0.4194281535428518,-157.80798583683253,-1.0,1.0,train,12.903225806451612,64.51612903225806,77.41935483870968,38.70967741935484,45.16129032258064,0.5838709677419355
0.3,,0.42063051670677687,-161.94171745966815,-1.0,1.0,train,12.903225806451612,64.51612903225806,80.64516129032258,38.70967741935484,45.16129032258064,0.5854838709677419
0.5,,0.4160912537218662,-167.83038650612824,-1.0,1.0,train,12.903225806451612,64.51612903225806,80.64516129032258,35.483870967741936,45.16129032258064,0.5887096774193549
0.0,,,,,1.0,test,10.0,56.00000000000001,66.0,28.000000000000004,44.0,0.996
0.001,,0.37234185877599624,-148.73331505629974,-1.0,2.0,train,19.35483870967742,51.61290322580645,64.51612903225806,29.03225806451613,35.483870967741936,0.482258064516129
0.005,,0.37234185877599624,-147.39264495853777,-1.0,2.0,train,19.35483870967742,51.61290322580645,64.51612903225806,29.03225806451613,35.483870967741936,0.482258064516129
0.01,,0.37240687006965556,-147.03065845126548,-1.0,2.0,train,19.35483870967742,51.61290322580645,64.51612903225806,29.03225806451613,35.483870967741936,0.4838709677419355
0.05,,0.3734024314091288,-147.81341438618534,-1.0,2.0,train,19.35483870967742,51.61290322580645,64.51612903225806,29.03225806451613,35.483870967741936,0.4838709677419355
0.1,,0.3748060760451956,-149.57632866828882,-1.0,2.0,train,19.35483870967742,51.61290322580645,67.74193548387096,29.03225806451613,35.483870967741936,0.48870967741935484
0.2,,0.3702930501178309,-152.9492865335399,-1.0,2.0,train,19.35483870967742,51.61290322580645,64.51612903225806,29.03225806451613,35.483870967741936,0.4790322580645161
0.3,,0.37566493137730533,-155.9597053376625,-1.0,2.0,train,19.35483870967742,51.61290322580645,67.74193548387096,29.03225806451613,35.483870967741936,0.4870967741935484
0.5,,0.3841367667006925,-159.9159086415297,-1.0,2.0,train,22.58064516129032,51.61290322580645,67.74193548387096,29.03225806451613,35.483870967741936,0.49193548387096775
0.0,,,,,2.0,test,8.0,62.0,76.0,32.0,50.0,1.128
0.001,,0.4053614090060954,-163.71909783786637,-1.0,3.0,train,12.903225806451612,67.74193548387096,77.41935483870968,32.25806451612903,41.935483870967744,0.5790322580645161
0.005,,0.4053614090060954,-163.9187904897352,-1.0,3.0,train,12.903225806451612,67.74193548387096,77.41935483870968,32.25806451612903,41.935483870967744,0.5790322580645161
0.01,,0.4053614090060954,-164.1644144396878,-1.0,3.0,train,12.903225806451612,67.74193548387096,77.41935483870968,32.25806451612903,41.935483870967744,0.5790322580645161
0.05,,0.4047895886673918,-166.00636154820796,-1.0,3.0,train,12.903225806451612,67.74193548387096,77.41935483870968,32.25806451612903,41.935483870967744,0.5790322580645161
0.1,,0.4047245773737325,-168.05042538124752,-1.0,3.0,train,12.903225806451612,67.74193548387096,77.41935483870968,32.25806451612903,41.935483870967744,0.5774193548387097
0.2,,0.40467490585913174,-171.5747176265301,-1.0,3.0,train,12.903225806451612,67.74193548387096,77.41935483870968,32.25806451612903,41.935483870967744,0.5790322580645161
0.3,,0.40467490585913174,-174.54608289187735,-1.0,3.0,train,12.903225806451612,67.74193548387096,77.41935483870968,32.25806451612903,41.935483870967744,0.5790322580645161
0.5,,0.4076751403327543,-179.0477925549525,-1.0,3.0,train,16.129032258064516,67.74193548387096,77.41935483870968,29.03225806451613,41.935483870967744,0.5806451612903226
0.0,,,,,3.0,test,12.0,50.0,66.0,34.0,44.0,0.982
0.001,,0.3563957757660423,-169.26599232243396,-1.0,4.0,train,16.129032258064516,45.16129032258064,67.74193548387096,25.806451612903224,35.483870967741936,0.45645161290322583
0.005,,0.3563247507144053,-169.63842547671493,-1.0,4.0,train,16.129032258064516,45.16129032258064,67.74193548387096,25.806451612903224,35.483870967741936,0.45645161290322583
0.01,,0.3563247507144053,-170.06371114048784,-1.0,4.0,train,16.129032258064516,45.16129032258064,67.74193548387096,25.806451612903224,35.483870967741936,0.45645161290322583
0.05,,0.35390192851337626,-172.5829910909721,-1.0,4.0,train,16.129032258064516,45.16129032258064,67.74193548387096,25.806451612903224,35.483870967741936,0.45645161290322583
0.1,,0.35822949640689566,-175.00479429261884,-1.0,4.0,train,16.129032258064516,45.16129032258064,70.96774193548387,25.806451612903224,35.483870967741936,0.4629032258064516
0.2,,0.3537814817731903,-178.8662998871772,-1.0,4.0,train,16.129032258064516,45.16129032258064,67.74193548387096,25.806451612903224,35.483870967741936,0.45483870967741935
0.3,,0.3553750801930014,-181.96688910535636,-1.0,4.0,train,16.129032258064516,45.16129032258064,70.96774193548387,25.806451612903224,35.483870967741936,0.4596774193548387
0.5,,0.3629446606601507,-185.95073532797258,-1.0,4.0,train,19.35483870967742,45.16129032258064,70.96774193548387,25.806451612903224,35.483870967741936,0.4629032258064516
0.0,,,,,4.0,test,12.0,57.99999999999999,72.0,36.0,48.0,1.092
0.001,,0.41681885451557493,-144.75874396493623,-1.0,5.0,train,16.129032258064516,58.06451612903226,74.19354838709677,35.483870967741936,48.38709677419355,0.535483870967742
0.005,,0.4185838798566553,-143.311051843465,-1.0,5.0,train,16.129032258064516,58.06451612903226,74.19354838709677,35.483870967741936,48.38709677419355,0.535483870967742
0.01,,0.41674782946393796,-142.83770630028863,-1.0,5.0,train,16.129032258064516,58.06451612903226,74.19354838709677,35.483870967741936,48.38709677419355,0.535483870967742
0.05,,0.41821645259923174,-142.84467507024783,-1.0,5.0,train,16.129032258064516,58.06451612903226,74.19354838709677,35.483870967741936,48.38709677419355,0.5370967741935484
0.1,,0.4187171995960085,-143.80160075102842,-1.0,5.0,train,16.129032258064516,58.06451612903226,74.19354838709677,35.483870967741936,48.38709677419355,0.5403225806451613
0.2,,0.41815064936015894,-145.7716975815084,-1.0,5.0,train,16.129032258064516,58.06451612903226,74.19354838709677,35.483870967741936,48.38709677419355,0.535483870967742
0.3,,0.42194630480348494,-147.7036489982705,-1.0,5.0,train,16.129032258064516,58.06451612903226,74.19354838709677,35.483870967741936,48.38709677419355,0.5387096774193548
0.5,,0.4247945247686236,-149.96658639593525,-1.0,5.0,train,19.35483870967742,58.06451612903226,74.19354838709677,32.25806451612903,48.38709677419355,0.5403225806451613
0.0,,,,,5.0,test,10.0,56.00000000000001,70.0,28.000000000000004,42.0,1.034
0.001,,0.4537892062456968,-132.7387501485579,-1.0,6.0,train,19.35483870967742,64.51612903225806,74.19354838709677,45.16129032258064,51.61290322580645,0.5967741935483871
0.005,,0.4537892062456968,-132.0902397176858,-1.0,6.0,train,19.35483870967742,64.51612903225806,74.19354838709677,45.16129032258064,51.61290322580645,0.5967741935483871
0.01,,0.4537892062456968,-132.33127418991208,-1.0,6.0,train,19.35483870967742,64.51612903225806,74.19354838709677,45.16129032258064,51.61290322580645,0.5967741935483871
0.05,,0.4542129472464665,-135.38867298970328,-1.0,6.0,train,19.35483870967742,64.51612903225806,74.19354838709677,45.16129032258064,51.61290322580645,0.5967741935483871
0.1,,0.45329492205010774,-138.48754928265305,-1.0,6.0,train,19.35483870967742,64.51612903225806,74.19354838709677,45.16129032258064,51.61290322580645,0.5967741935483871
0.2,,0.4532190181022948,-143.17299684158226,-1.0,6.0,train,19.35483870967742,64.51612903225806,74.19354838709677,45.16129032258064,51.61290322580645,0.5951612903225807
0.3,,0.45363822040584917,-146.91121316176935,-1.0,6.0,train,19.35483870967742,64.51612903225806,74.19354838709677,45.16129032258064,48.38709677419355,0.5951612903225807
0.5,,0.4570832919526828,-151.7886083738915,-1.0,6.0,train,22.58064516129032,64.51612903225806,74.19354838709677,41.935483870967744,48.38709677419355,0.5983870967741935
0.0,,,,,6.0,test,6.0,50.0,66.0,24.0,40.0,0.924
0.001,,0.4371109294442818,-160.8771461032015,-1.0,7.0,train,16.129032258064516,58.06451612903226,83.87096774193549,35.483870967741936,45.16129032258064,0.5838709677419355
0.005,,0.43703990439264484,-161.23733922642992,-1.0,7.0,train,16.129032258064516,58.06451612903226,83.87096774193549,35.483870967741936,45.16129032258064,0.5838709677419355
0.01,,0.43703990439264484,-161.6527603457179,-1.0,7.0,train,16.129032258064516,58.06451612903226,83.87096774193549,35.483870967741936,45.16129032258064,0.5838709677419355
0.05,,0.437880393445889,-164.16741508292338,-1.0,7.0,train,16.129032258064516,58.06451612903226,83.87096774193549,35.483870967741936,45.16129032258064,0.5838709677419355
0.1,,0.44184229788368795,-166.5707423061595,-1.0,7.0,train,16.129032258064516,58.06451612903226,87.09677419354838,35.483870967741936,45.16129032258064,0.5854838709677419
0.2,,0.4439501894601075,-170.36678133567608,-1.0,7.0,train,16.129032258064516,58.06451612903226,83.87096774193549,35.483870967741936,45.16129032258064,0.5838709677419355
0.3,,0.44907288556697,-173.39463862531406,-1.0,7.0,train,16.129032258064516,58.06451612903226,87.09677419354838,35.483870967741936,45.16129032258064,0.5887096774193549
0.5,,0.4616933800421654,-177.15758310617647,-1.0,7.0,train,19.35483870967742,61.29032258064516,87.09677419354838,35.483870967741936,45.16129032258064,0.5983870967741935
0.0,,,,,7.0,test,8.0,52.0,62.0,26.0,42.0,0.954
0.001,,0.4323746190744015,-132.99257026830531,-1.0,8.0,train,19.35483870967742,58.06451612903226,67.74193548387096,41.935483870967744,48.38709677419355,0.5596774193548387
0.005,,0.4323746190744015,-133.1710761216278,-1.0,8.0,train,19.35483870967742,58.06451612903226,67.74193548387096,41.935483870967744,48.38709677419355,0.5596774193548387
0.01,,0.4323746190744015,-133.41396720681365,-1.0,8.0,train,19.35483870967742,58.06451612903226,67.74193548387096,41.935483870967744,48.38709677419355,0.5596774193548387
0.05,,0.4332926442707602,-135.24032615424613,-1.0,8.0,train,19.35483870967742,58.06451612903226,67.74193548387096,41.935483870967744,48.38709677419355,0.5596774193548387
0.1,,0.4334927391054758,-137.32711547135224,-1.0,8.0,train,19.35483870967742,58.06451612903226,67.74193548387096,41.935483870967744,48.38709677419355,0.5596774193548387
0.2,,0.4395317665943519,-140.90070096198951,-1.0,8.0,train,19.35483870967742,58.06451612903226,67.74193548387096,41.935483870967744,48.38709677419355,0.5596774193548387
0.3,,0.43937507980254986,-143.84256896084437,-1.0,8.0,train,19.35483870967742,58.06451612903226,67.74193548387096,41.935483870967744,48.38709677419355,0.5580645161290323
0.5,,0.44268618579501195,-148.2226338797219,-1.0,8.0,train,19.35483870967742,58.06451612903226,67.74193548387096,41.935483870967744,48.38709677419355,0.5580645161290323
0.0,,,,,8.0,test,8.0,56.00000000000001,72.0,26.0,42.0,1.006
0.001,,0.388629448559471,-157.96117651776507,-1.0,9.0,train,9.67741935483871,61.29032258064516,80.64516129032258,29.03225806451613,41.935483870967744,0.5758064516129032
0.005,,0.388629448559471,-156.60901787695005,-1.0,9.0,train,9.67741935483871,61.29032258064516,80.64516129032258,29.03225806451613,41.935483870967744,0.5758064516129032
0.01,,0.388629448559471,-156.23050161117536,-1.0,9.0,train,9.67741935483871,61.29032258064516,80.64516129032258,29.03225806451613,41.935483870967744,0.5758064516129032
0.05,,0.3896813236422904,-156.90728039027746,-1.0,9.0,train,9.67741935483871,61.29032258064516,80.64516129032258,29.03225806451613,41.935483870967744,0.5774193548387097
0.1,,0.39024708193272645,-158.60149864180173,-1.0,9.0,train,9.67741935483871,61.29032258064516,80.64516129032258,29.03225806451613,41.935483870967744,0.582258064516129
0.2,,0.3895292388244793,-161.8372330055143,-1.0,9.0,train,9.67741935483871,61.29032258064516,80.64516129032258,29.03225806451613,41.935483870967744,0.5758064516129032
0.3,,0.3867075443530404,-164.75286085994907,-1.0,9.0,train,9.67741935483871,61.29032258064516,80.64516129032258,29.03225806451613,38.70967741935484,0.5774193548387097
0.5,,0.38186497294974103,-169.4126144461946,-1.0,9.0,train,9.67741935483871,64.51612903225806,80.64516129032258,25.806451612903224,38.70967741935484,0.5838709677419355
0.0,,,,,9.0,test,12.0,52.0,66.0,34.0,44.0,0.97
0.001,,0.35995751731121367,-140.48569955165073,-1.0,10.0,train,16.129032258064516,58.06451612903226,70.96774193548387,19.35483870967742,41.935483870967744,0.5129032258064516
0.005,,0.3598864922595767,-141.20491500110236,-1.0,10.0,train,16.129032258064516,58.06451612903226,70.96774193548387,19.35483870967742,41.935483870967744,0.5129032258064516
0.01,,0.3598864922595767,-141.91093610485495,-1.0,10.0,train,16.129032258064516,58.06451612903226,70.96774193548387,19.35483870967742,41.935483870967744,0.5129032258064516
0.05,,0.36143265153798504,-145.5314048070552,-1.0,10.0,train,16.129032258064516,58.06451612903226,70.96774193548387,19.35483870967742,41.935483870967744,0.5145161290322581
0.1,,0.366377592465802,-148.79381270895487,-1.0,10.0,train,16.129032258064516,58.06451612903226,74.19354838709677,19.35483870967742,41.935483870967744,0.5177419354838709
0.2,,0.3623918228906114,-153.90505677496444,-1.0,10.0,train,16.129032258064516,58.06451612903226,70.96774193548387,19.35483870967742,41.935483870967744,0.5129032258064516
0.3,,0.36366521110617356,-158.0059531198148,-1.0,10.0,train,16.129032258064516,58.06451612903226,74.19354838709677,19.35483870967742,41.935483870967744,0.5145161290322581
0.5,,0.35998270311182334,-164.20006552051484,-1.0,10.0,train,12.903225806451612,58.06451612903226,74.19354838709677,19.35483870967742,41.935483870967744,0.5177419354838709
0.0,,,,,10.0,test,8.0,57.99999999999999,68.0,36.0,46.0,1.056
0.001,,0.4590537627972234,-135.53521244518805,-1.0,11.0,train,16.129032258064516,74.19354838709677,83.87096774193549,38.70967741935484,58.06451612903226,0.6516129032258065
0.005,,0.4608187881383038,-136.43132236158058,-1.0,11.0,train,16.129032258064516,74.19354838709677,83.87096774193549,38.70967741935484,58.06451612903226,0.6516129032258065
0.01,,0.4589827377455864,-137.29861485453853,-1.0,11.0,train,16.129032258064516,74.19354838709677,83.87096774193549,38.70967741935484,58.06451612903226,0.6516129032258065
0.05,,0.45848845354999734,-141.52431452063664,-1.0,11.0,train,16.129032258064516,74.19354838709677,83.87096774193549,38.70967741935484,58.06451612903226,0.6516129032258065
0.1,,0.45960657358107165,-144.98230242819753,-1.0,11.0,train,16.129032258064516,74.19354838709677,83.87096774193549,38.70967741935484,58.06451612903226,0.6516129032258065
0.2,,0.46556969712213475,-150.19495094509108,-1.0,11.0,train,16.129032258064516,74.19354838709677,83.87096774193549,38.70967741935484,58.06451612903226,0.65
0.3,,0.46590323768552405,-154.36100324895867,-1.0,11.0,train,16.129032258064516,74.19354838709677,83.87096774193549,38.70967741935484,54.83870967741935,0.6483870967741936
0.5,,0.4759616179444487,-160.02152192549138,-1.0,11.0,train,19.35483870967742,74.19354838709677,83.87096774193549,38.70967741935484,54.83870967741935,0.6532258064516129
0.0,,,,,11.0,test,10.0,48.0,62.0,24.0,36.0,0.882
0.001,,0.45690666650080636,-143.86043258036915,-1.0,12.0,train,25.806451612903224,64.51612903225806,74.19354838709677,41.935483870967744,51.61290322580645,0.5838709677419355
0.005,,0.4568356414491694,-144.23043935337108,-1.0,12.0,train,25.806451612903224,64.51612903225806,74.19354838709677,41.935483870967744,51.61290322580645,0.5838709677419355
0.01,,0.4568356414491694,-144.65872576477796,-1.0,12.0,train,25.806451612903224,64.51612903225806,74.19354838709677,41.935483870967744,51.61290322580645,0.5838709677419355
0.05,,0.4578875165319887,-147.27107014414628,-1.0,12.0,train,25.806451612903224,64.51612903225806,74.19354838709677,41.935483870967744,51.61290322580645,0.5854838709677419
0.1,,0.4595713948534991,-149.78559118130724,-1.0,12.0,train,25.806451612903224,64.51612903225806,74.19354838709677,41.935483870967744,51.61290322580645,0.5903225806451613
0.2,,0.45885355174525194,-153.90399476631936,-1.0,12.0,train,25.806451612903224,64.51612903225806,74.19354838709677,41.935483870967744,51.61290322580645,0.5838709677419355
0.3,,0.46280589398038,-157.33495557613594,-1.0,12.0,train,25.806451612903224,64.51612903225806,74.19354838709677,41.935483870967744,51.61290322580645,0.5887096774193549
0.5,,0.45678212301860527,-162.104193444583,-1.0,12.0,train,22.58064516129032,64.51612903225806,74.19354838709677,41.935483870967744,51.61290322580645,0.5870967741935483
0.0,,,,,12.0,test,4.0,56.00000000000001,70.0,22.0,40.0,0.992
0.001,,0.39781199158096875,-132.06145182347305,-1.0,13.0,train,12.903225806451612,54.83870967741935,74.19354838709677,32.25806451612903,38.70967741935484,0.5338709677419354
0.005,,0.3996480419736861,-130.88240652382729,-1.0,13.0,train,12.903225806451612,54.83870967741935,74.19354838709677,32.25806451612903,38.70967741935484,0.5338709677419354
0.01,,0.39781199158096875,-130.6824822814937,-1.0,13.0,train,12.903225806451612,54.83870967741935,74.19354838709677,32.25806451612903,38.70967741935484,0.5338709677419354
0.05,,0.3973177073853797,-132.073848422029,-1.0,13.0,train,12.903225806451612,54.83870967741935,74.19354838709677,32.25806451612903,38.70967741935484,0.5338709677419354
0.1,,0.4011445282821223,-134.11041765954477,-1.0,13.0,train,12.903225806451612,54.83870967741935,77.41935483870968,32.25806451612903,38.70967741935484,0.5370967741935484
0.2,,0.3973493454630048,-137.49755468202827,-1.0,13.0,train,12.903225806451612,54.83870967741935,74.19354838709677,32.25806451612903,38.70967741935484,0.5338709677419354
0.3,,0.3988399095389882,-140.34277902843925,-1.0,13.0,train,12.903225806451612,54.83870967741935,77.41935483870968,32.25806451612903,38.70967741935484,0.5370967741935484
0.5,,0.41579631536730993,-144.14267318203215,-1.0,13.0,train,19.35483870967742,58.06451612903226,77.41935483870968,32.25806451612903,38.70967741935484,0.5467741935483871
0.0,,,,,13.0,test,12.0,56.00000000000001,68.0,32.0,48.0,1.03
0.001,,0.36185618921064455,-139.03667906850868,-1.0,14.0,train,9.67741935483871,51.61290322580645,67.74193548387096,29.03225806451613,41.935483870967744,0.4870967741935484
0.005,,0.36362121455172486,-139.2229122804153,-1.0,14.0,train,9.67741935483871,51.61290322580645,67.74193548387096,29.03225806451613,41.935483870967744,0.4870967741935484
0.01,,0.3617851641590075,-139.45587523715872,-1.0,14.0,train,9.67741935483871,51.61290322580645,67.74193548387096,29.03225806451613,41.935483870967744,0.4870967741935484
0.05,,0.36239834677144916,-141.20572211759296,-1.0,14.0,train,9.67741935483871,51.61290322580645,67.74193548387096,29.03225806451613,41.935483870967744,0.48870967741935484
0.1,,0.3631641998966008,-143.1477228342037,-1.0,14.0,train,9.67741935483871,51.61290322580645,67.74193548387096,29.03225806451613,41.935483870967744,0.4935483870967742
0.2,,0.3683991026984915,-146.4962705331827,-1.0,14.0,train,9.67741935483871,51.61290322580645,67.74193548387096,29.03225806451613,41.935483870967744,0.4870967741935484
0.3,,0.3690785388664356,-149.33816869167154,-1.0,14.0,train,9.67741935483871,51.61290322580645,67.74193548387096,29.03225806451613,41.935483870967744,0.49193548387096775
0.5,,0.36276790679583437,-153.8207465358585,-1.0,14.0,train,9.67741935483871,51.61290322580645,67.74193548387096,25.806451612903224,41.935483870967744,0.49032258064516127
0.0,,,,,14.0,test,12.0,62.0,74.0,32.0,46.0,1.106
0.001,,0.3307715004075346,-135.1415266400437,-1.0,15.0,train,9.67741935483871,45.16129032258064,64.51612903225806,22.58064516129032,38.70967741935484,0.45161290322580644
0.005,,0.3307715004075346,-135.34855706456196,-1.0,15.0,train,9.67741935483871,45.16129032258064,64.51612903225806,22.58064516129032,38.70967741935484,0.45161290322580644
0.01,,0.3307715004075346,-135.62195950750572,-1.0,15.0,train,9.67741935483871,45.16129032258064,64.51612903225806,22.58064516129032,38.70967741935484,0.45161290322580644
0.05,,0.32983852374156786,-137.6460510633084,-1.0,15.0,train,9.67741935483871,45.16129032258064,64.51612903225806,22.58064516129032,38.70967741935484,0.45161290322580644
0.1,,0.3344311977634622,-139.86363149895138,-1.0,15.0,train,9.67741935483871,45.16129032258064,67.74193548387096,22.58064516129032,38.70967741935484,0.4596774193548387
0.2,,0.32991817183609756,-143.7337955521308,-1.0,15.0,train,9.67741935483871,45.16129032258064,64.51612903225806,22.58064516129032,38.70967741935484,0.45
0.3,,0.33144074520427164,-146.95862267628684,-1.0,15.0,train,9.67741935483871,45.16129032258064,67.74193548387096,22.58064516129032,38.70967741935484,0.45483870967741935
0.5,,0.32662110165126046,-151.75299020684696,-1.0,15.0,train,6.451612903225806,48.38709677419355,67.74193548387096,22.58064516129032,38.70967741935484,0.4596774193548387
0.0,,,,,15.0,test,12.0,60.0,74.0,34.0,48.0,1.102
0.001,,0.40846321495408283,-148.42443978666188,-1.0,16.0,train,12.903225806451612,54.83870967741935,77.41935483870968,35.483870967741936,41.935483870967744,0.5612903225806452
0.005,,0.4083921899024458,-148.72790926246603,-1.0,16.0,train,12.903225806451612,54.83870967741935,77.41935483870968,35.483870967741936,41.935483870967744,0.5612903225806452
0.01,,0.4083921899024458,-149.06764647287207,-1.0,16.0,train,12.903225806451612,54.83870967741935,77.41935483870968,35.483870967741936,41.935483870967744,0.5612903225806452
0.05,,0.40604690384453135,-151.08489124032891,-1.0,16.0,train,12.903225806451612,54.83870967741935,77.41935483870968,35.483870967741936,41.935483870967744,0.5612903225806452
0.1,,0.40604690384453135,-152.881394517121,-1.0,16.0,train,12.903225806451612,54.83870967741935,77.41935483870968,35.483870967741936,41.935483870967744,0.5612903225806452
0.2,,0.4118849669464091,-155.80652706771812,-1.0,16.0,train,12.903225806451612,54.83870967741935,77.41935483870968,35.483870967741936,41.935483870967744,0.5612903225806452
0.3,,0.4122441929101043,-158.40795726165467,-1.0,16.0,train,12.903225806451612,54.83870967741935,77.41935483870968,35.483870967741936,41.935483870967744,0.5629032258064516
0.5,,0.42033948957886413,-161.9447727897205,-1.0,16.0,train,16.129032258064516,54.83870967741935,77.41935483870968,35.483870967741936,41.935483870967744,0.5661290322580645
0.0,,,,,16.0,test,12.0,52.0,64.0,34.0,46.0,0.976
0.001,,0.4406163862840858,-141.95253168141187,-1.0,17.0,train,19.35483870967742,67.74193548387096,87.09677419354838,32.25806451612903,45.16129032258064,0.6048387096774194
0.005,,0.4424524366768031,-142.55842330345774,-1.0,17.0,train,19.35483870967742,67.74193548387096,87.09677419354838,32.25806451612903,45.16129032258064,0.6048387096774194
0.01,,0.4406813975777451,-143.12811273702803,-1.0,17.0,train,19.35483870967742,67.74193548387096,87.09677419354838,32.25806451612903,45.16129032258064,0.6064516129032258
0.05,,0.44173327266056445,-145.74438294776684,-1.0,17.0,train,19.35483870967742,67.74193548387096,87.09677419354838,32.25806451612903,45.16129032258064,0.6080645161290322
0.1,,0.440163110302588,-147.9485777085857,-1.0,17.0,train,19.35483870967742,67.74193548387096,87.09677419354838,32.25806451612903,45.16129032258064,0.6080645161290322
0.2,,0.44535871922080306,-151.49791184947202,-1.0,17.0,train,19.35483870967742,67.74193548387096,87.09677419354838,32.25806451612903,45.16129032258064,0.6016129032258064
0.3,,0.4459414449368043,-154.38564803210008,-1.0,17.0,train,19.35483870967742,67.74193548387096,87.09677419354838,32.25806451612903,41.935483870967744,0.603225806451613
0.5,,0.4440337794633182,-158.22726050282247,-1.0,17.0,train,16.129032258064516,67.74193548387096,87.09677419354838,32.25806451612903,41.935483870967744,0.6080645161290322
0.0,,,,,17.0,test,10.0,52.0,62.0,34.0,44.0,0.956
0.001,,0.3740034506531255,-173.94536186554953,-1.0,18.0,train,16.129032258064516,58.06451612903226,70.96774193548387,22.58064516129032,38.70967741935484,0.5129032258064516
0.005,,0.3740034506531255,-173.02520833693202,-1.0,18.0,train,16.129032258064516,58.06451612903226,70.96774193548387,22.58064516129032,38.70967741935484,0.5129032258064516
0.01,,0.3740034506531255,-172.98726655468786,-1.0,18.0,train,16.129032258064516,58.06451612903226,70.96774193548387,22.58064516129032,38.70967741935484,0.5129032258064516
0.05,,0.3743496555107807,-174.59203434434383,-1.0,18.0,train,16.129032258064516,58.06451612903226,70.96774193548387,22.58064516129032,38.70967741935484,0.5129032258064516
0.1,,0.3750504973422731,-176.47427141182914,-1.0,18.0,train,16.129032258064516,58.06451612903226,70.96774193548387,22.58064516129032,38.70967741935484,0.5161290322580645
0.2,,0.37432176157987207,-179.55301638794674,-1.0,18.0,train,16.129032258064516,58.06451612903226,70.96774193548387,22.58064516129032,38.70967741935484,0.5096774193548387
0.3,,0.374641971784121,-182.2382522670121,-1.0,18.0,train,16.129032258064516,58.06451612903226,70.96774193548387,22.58064516129032,38.70967741935484,0.5129032258064516
0.5,,0.37682645167533324,-186.31747840947972,-1.0,18.0,train,16.129032258064516,58.06451612903226,70.96774193548387,22.58064516129032,38.70967741935484,0.5177419354838709
0.0,,,,,18.0,test,8.0,57.99999999999999,72.0,32.0,46.0,1.062
0.001,,0.38723462000766806,-141.26534459228586,-1.0,19.0,train,12.903225806451612,58.06451612903226,70.96774193548387,32.25806451612903,41.935483870967744,0.5274193548387097
0.005,,0.38907067040038545,-141.45940815622956,-1.0,19.0,train,12.903225806451612,58.06451612903226,70.96774193548387,32.25806451612903,41.935483870967744,0.5274193548387097
0.01,,0.38723462000766806,-141.7064118534711,-1.0,19.0,train,12.903225806451612,58.06451612903226,70.96774193548387,32.25806451612903,41.935483870967744,0.5274193548387097
0.05,,0.3857298230029978,-143.59068946397693,-1.0,19.0,train,12.903225806451612,58.06451612903226,70.96774193548387,32.25806451612903,41.935483870967744,0.5274193548387097
0.1,,0.3847467865129798,-145.7251157513067,-1.0,19.0,train,12.903225806451612,58.06451612903226,70.96774193548387,32.25806451612903,41.935483870967744,0.5258064516129032
0.2,,0.3906498609085169,-149.2680083814353,-1.0,19.0,train,12.903225806451612,58.06451612903226,70.96774193548387,32.25806451612903,41.935483870967744,0.5274193548387097
0.3,,0.387507956232829,-152.23411656324402,-1.0,19.0,train,12.903225806451612,58.06451612903226,70.96774193548387,32.25806451612903,38.70967741935484,0.5258064516129032
0.5,,0.38168906554861537,-156.78708145501622,-1.0,19.0,train,12.903225806451612,58.06451612903226,70.96774193548387,29.03225806451613,38.70967741935484,0.5258064516129032
0.0,,,,,19.0,test,12.0,56.00000000000001,68.0,34.0,46.0,1.034
0.001,,0.3770766867661192,-141.72296933752037,-1.0,20.0,train,6.451612903225806,61.29032258064516,74.19354838709677,32.25806451612903,45.16129032258064,0.5435483870967742
0.005,,0.3789127371588366,-142.60772994726346,-1.0,20.0,train,6.451612903225806,61.29032258064516,74.19354838709677,32.25806451612903,45.16129032258064,0.5435483870967742
0.01,,0.3770766867661192,-143.4617003809588,-1.0,20.0,train,6.451612903225806,61.29032258064516,74.19354838709677,32.25806451612903,45.16129032258064,0.5435483870967742
0.05,,0.3751481487606793,-147.67377064910278,-1.0,20.0,train,6.451612903225806,61.29032258064516,74.19354838709677,32.25806451612903,45.16129032258064,0.5435483870967742
0.1,,0.37890995836376257,-151.17460460196827,-1.0,20.0,train,6.451612903225806,61.29032258064516,77.41935483870968,32.25806451612903,45.16129032258064,0.5451612903225806
0.2,,0.3749892000822314,-156.25113481131265,-1.0,20.0,train,6.451612903225806,61.29032258064516,74.19354838709677,32.25806451612903,45.16129032258064,0.5419354838709678
0.3,,0.3797526702253987,-160.14177181910173,-1.0,20.0,train,6.451612903225806,61.29032258064516,77.41935483870968,32.25806451612903,45.16129032258064,0.5451612903225806
0.5,,0.39836783974332196,-164.85742628804192,-1.0,20.0,train,12.903225806451612,64.51612903225806,77.41935483870968,32.25806451612903,45.16129032258064,0.5596774193548387
0.0,,,,,20.0,test,14.000000000000002,56.00000000000001,68.0,32.0,44.0,1.036
0.001,,0.3595465368516638,-163.6683784518284,-1.0,21.0,train,6.451612903225806,61.29032258064516,67.74193548387096,32.25806451612903,45.16129032258064,0.5370967741935484
0.005,,0.3595465368516638,-162.4936611108936,-1.0,21.0,train,6.451612903225806,61.29032258064516,67.74193548387096,32.25806451612903,45.16129032258064,0.5370967741935484
0.01,,0.3595465368516638,-162.30973848445083,-1.0,21.0,train,6.451612903225806,61.29032258064516,67.74193548387096,32.25806451612903,45.16129032258064,0.5370967741935484
0.05,,0.36201072132643086,-163.84066746590665,-1.0,21.0,train,6.451612903225806,61.29032258064516,67.74193548387096,32.25806451612903,45.16129032258064,0.5387096774193548
0.1,,0.3649195170268148,-166.03310330727544,-1.0,21.0,train,6.451612903225806,61.29032258064516,70.96774193548387,32.25806451612903,45.16129032258064,0.5419354838709678
0.2,,0.3611243342076974,-169.7333514272289,-1.0,21.0,train,6.451612903225806,61.29032258064516,67.74193548387096,32.25806451612903,45.16129032258064,0.5387096774193548
0.3,,0.3661760052629229,-172.89843910741794,-1.0,21.0,train,6.451612903225806,61.29032258064516,70.96774193548387,32.25806451612903,45.16129032258064,0.5435483870967742
0.5,,0.3764672791587308,-176.7197819437053,-1.0,21.0,train,9.67741935483871,61.29032258064516,70.96774193548387,32.25806451612903,45.16129032258064,0.5467741935483871
0.0,,,,,21.0,test,16.0,54.0,70.0,30.0,42.0,1.01
0.001,,0.36194660188616,-164.01861404808338,-1.0,22.0,train,9.67741935483871,58.06451612903226,74.19354838709677,25.806451612903224,45.16129032258064,0.5258064516129032
0.005,,0.36194660188616,-164.86250242865515,-1.0,22.0,train,9.67741935483871,58.06451612903226,74.19354838709677,25.806451612903224,45.16129032258064,0.5258064516129032
0.01,,0.3620116131798193,-165.66855315197475,-1.0,22.0,train,9.67741935483871,58.06451612903226,74.19354838709677,25.806451612903224,45.16129032258064,0.5274193548387097
0.05,,0.36455333379770094,-169.44744418274186,-1.0,22.0,train,9.67741935483871,58.06451612903226,74.19354838709677,25.806451612903224,45.16129032258064,0.5290322580645161
0.1,,0.3626825192776633,-172.50756136734609,-1.0,22.0,train,9.67741935483871,58.06451612903226,74.19354838709677,25.806451612903224,45.16129032258064,0.5258064516129032
0.2,,0.3686456428187264,-177.12051813457143,-1.0,22.0,train,9.67741935483871,58.06451612903226,74.19354838709677,25.806451612903224,45.16129032258064,0.5241935483870968
0.3,,0.36505885043917835,-180.7629371166189,-1.0,22.0,train,9.67741935483871,58.06451612903226,74.19354838709677,25.806451612903224,41.935483870967744,0.5193548387096775
0.5,,0.3670471381417833,-186.11916744451332,-1.0,22.0,train,9.67741935483871,58.06451612903226,74.19354838709677,25.806451612903224,41.935483870967744,0.5241935483870968
0.0,,,,,22.0,test,12.0,54.0,68.0,34.0,42.0,1.018
0.001,,0.3169241298246048,-150.05867489122377,-1.0,23.0,train,12.903225806451612,51.61290322580645,58.06451612903226,19.35483870967742,38.70967741935484,0.4483870967741935
0.005,,0.3187601802173222,-150.26733854905163,-1.0,23.0,train,12.903225806451612,51.61290322580645,58.06451612903226,19.35483870967742,38.70967741935484,0.4483870967741935
0.01,,0.3169891411182642,-150.54814277647588,-1.0,23.0,train,12.903225806451612,51.61290322580645,58.06451612903226,19.35483870967742,38.70967741935484,0.45
0.05,,0.3176798598738203,-152.69828846142963,-1.0,23.0,train,12.903225806451612,51.61290322580645,58.06451612903226,19.35483870967742,38.70967741935484,0.45161290322580644
0.1,,0.31963586625052526,-155.04479962074214,-1.0,23.0,train,12.903225806451612,51.61290322580645,61.29032258064516,19.35483870967742,38.70967741935484,0.45161290322580644
0.2,,0.3158406834314078,-158.90564639040107,-1.0,23.0,train,12.903225806451612,51.61290322580645,58.06451612903226,19.35483870967742,38.70967741935484,0.4483870967741935
0.3,,0.31733124750739117,-162.08795192295509,-1.0,23.0,train,12.903225806451612,51.61290322580645,61.29032258064516,19.35483870967742,38.70967741935484,0.45161290322580644
0.5,,0.316982486234816,-166.8076448289111,-1.0,23.0,train,9.67741935483871,54.83870967741935,61.29032258064516,19.35483870967742,38.70967741935484,0.4629032258064516
0.0,,,,,23.0,test,12.0,60.0,76.0,36.0,48.0,1.116
0.001,,0.47008065670461463,-137.03628687674708,-1.0,24.0,train,12.903225806451612,77.41935483870968,90.32258064516128,41.935483870967744,51.61290322580645,0.6758064516129032
0.005,,0.47008065670461463,-137.760517092583,-1.0,24.0,train,12.903225806451612,77.41935483870968,90.32258064516128,41.935483870967744,51.61290322580645,0.6758064516129032
0.01,,0.47008065670461463,-138.45872567155203,-1.0,24.0,train,12.903225806451612,77.41935483870968,90.32258064516128,41.935483870967744,51.61290322580645,0.6758064516129032
0.05,,0.47008065670461463,-142.01511905370725,-1.0,24.0,train,12.903225806451612,77.41935483870968,90.32258064516128,41.935483870967744,51.61290322580645,0.6758064516129032
0.1,,0.4711987767356889,-145.10830906016002,-1.0,24.0,train,12.903225806451612,77.41935483870968,90.32258064516128,41.935483870967744,51.61290322580645,0.6758064516129032
0.2,,0.47696093588975363,-149.97716329786164,-1.0,24.0,train,12.903225806451612,77.41935483870968,90.32258064516128,41.935483870967744,51.61290322580645,0.6741935483870968
0.3,,0.48052204286899586,-153.94010486917944,-1.0,24.0,train,12.903225806451612,77.41935483870968,90.32258064516128,41.935483870967744,51.61290322580645,0.6758064516129032
0.5,,0.4742533399309846,-159.69127926712582,-1.0,24.0,train,12.903225806451612,77.41935483870968,90.32258064516128,38.70967741935484,51.61290322580645,0.6774193548387096
0.0,,,,,24.0,test,10.0,44.0,57.99999999999999,26.0,38.0,0.846
0.001,,0.4307528552381237,-150.83882410044188,-1.0,25.0,train,19.35483870967742,51.61290322580645,70.96774193548387,38.70967741935484,48.38709677419355,0.5387096774193548
0.005,,0.43068183018648665,-151.45700616639937,-1.0,25.0,train,19.35483870967742,51.61290322580645,70.96774193548387,38.70967741935484,48.38709677419355,0.5387096774193548
0.01,,0.43068183018648665,-152.0370388543333,-1.0,25.0,train,19.35483870967742,51.61290322580645,70.96774193548387,38.70967741935484,48.38709677419355,0.5387096774193548
0.05,,0.43159985538284534,-154.81151484839907,-1.0,25.0,train,19.35483870967742,51.61290322580645,70.96774193548387,38.70967741935484,48.38709677419355,0.5387096774193548
0.1,,0.4356267711143036,-157.11341164025876,-1.0,25.0,train,19.35483870967742,51.61290322580645,74.19354838709677,38.70967741935484,48.38709677419355,0.5419354838709678
0.2,,0.4317556843473731,-160.93006025101735,-1.0,25.0,train,19.35483870967742,51.61290322580645,70.96774193548387,38.70967741935484,48.38709677419355,0.5370967741935484
0.3,,0.4330290725629352,-164.24026421202646,-1.0,25.0,train,19.35483870967742,51.61290322580645,74.19354838709677,38.70967741935484,48.38709677419355,0.5387096774193548
0.5,,0.42216052501325957,-168.86229016777406,-1.0,25.0,train,16.129032258064516,51.61290322580645,74.19354838709677,35.483870967741936,48.38709677419355,0.5387096774193548
0.0,,,,,25.0,test,8.0,56.00000000000001,68.0,26.0,40.0,0.992
0.001,,0.41574875615177864,-150.75757896639178,-1.0,26.0,train,16.129032258064516,61.29032258064516,77.41935483870968,32.25806451612903,38.70967741935484,0.5467741935483871
0.005,,0.417513781492859,-151.46377732702706,-1.0,26.0,train,16.129032258064516,61.29032258064516,77.41935483870968,32.25806451612903,38.70967741935484,0.5467741935483871
0.01,,0.41574274239380093,-152.14837663269768,-1.0,26.0,train,16.129032258064516,61.29032258064516,77.41935483870968,32.25806451612903,38.70967741935484,0.5483870967741935
0.05,,0.4153259943413265,-155.56609018673706,-1.0,26.0,train,16.129032258064516,61.29032258064516,77.41935483870968,32.25806451612903,38.70967741935484,0.5483870967741935
0.1,,0.41708190588331584,-158.62623080176763,-1.0,26.0,train,16.129032258064516,61.29032258064516,80.64516129032258,32.25806451612903,38.70967741935484,0.5483870967741935
0.2,,0.4132108191163853,-163.47259826228986,-1.0,26.0,train,16.129032258064516,61.29032258064516,77.41935483870968,32.25806451612903,38.70967741935484,0.5435483870967742
0.3,,0.41105410174420165,-167.3344580176012,-1.0,26.0,train,16.129032258064516,61.29032258064516,80.64516129032258,32.25806451612903,35.483870967741936,0.5419354838709678
0.5,,0.40670774696619216,-172.85606227209695,-1.0,26.0,train,16.129032258064516,61.29032258064516,80.64516129032258,29.03225806451613,35.483870967741936,0.5467741935483871
0.0,,,,,26.0,test,10.0,56.00000000000001,66.0,34.0,46.0,1.018
0.001,,0.3802209908575566,-137.59294285868165,-1.0,27.0,train,6.451612903225806,58.06451612903226,80.64516129032258,29.03225806451613,38.70967741935484,0.5403225806451613
0.005,,0.3802209908575566,-136.4432571083944,-1.0,27.0,train,6.451612903225806,58.06451612903226,80.64516129032258,29.03225806451613,38.70967741935484,0.5403225806451613
0.01,,0.38028600215121594,-136.27001369412977,-1.0,27.0,train,6.451612903225806,58.06451612903226,80.64516129032258,29.03225806451613,38.70967741935484,0.5419354838709678
0.05,,0.37794071609330143,-137.8263780925365,-1.0,27.0,train,6.451612903225806,58.06451612903226,80.64516129032258,29.03225806451613,38.70967741935484,0.5419354838709678
0.1,,0.3758047954448889,-140.02034757147277,-1.0,27.0,train,6.451612903225806,58.06451612903226,80.64516129032258,29.03225806451613,38.70967741935484,0.5370967741935484
0.2,,0.37575512393028815,-143.53227612411004,-1.0,27.0,train,6.451612903225806,58.06451612903226,80.64516129032258,29.03225806451613,38.70967741935484,0.5387096774193548
0.3,,0.37960443182158854,-146.46011389509044,-1.0,27.0,train,6.451612903225806,58.06451612903226,80.64516129032258,29.03225806451613,38.70967741935484,0.5419354838709678
0.5,,0.3847877001244005,-150.75699833774073,-1.0,27.0,train,6.451612903225806,61.29032258064516,80.64516129032258,29.03225806451613,38.70967741935484,0.5532258064516129
0.0,,,,,27.0,test,14.000000000000002,54.0,62.0,32.0,48.0,0.994
0.001,,0.40478029290251993,-131.32509394071383,-1.0,28.0,train,9.67741935483871,58.06451612903226,74.19354838709677,35.483870967741936,51.61290322580645,0.5483870967741935
0.005,,0.40478029290251993,-131.75791499962028,-1.0,28.0,train,9.67741935483871,58.06451612903226,74.19354838709677,35.483870967741936,51.61290322580645,0.5483870967741935
0.01,,0.40478029290251993,-132.27071121256364,-1.0,28.0,train,9.67741935483871,58.06451612903226,74.19354838709677,35.483870967741936,51.61290322580645,0.5483870967741935
0.05,,0.4044754503186028,-135.46279794096517,-1.0,28.0,train,9.67741935483871,58.06451612903226,74.19354838709677,35.483870967741936,51.61290322580645,0.55
0.1,,0.4088680295057815,-138.6319357301873,-1.0,28.0,train,9.67741935483871,58.06451612903226,77.41935483870968,35.483870967741936,51.61290322580645,0.5580645161290323
0.2,,0.40435500357841686,-143.72455720571685,-1.0,28.0,train,9.67741935483871,58.06451612903226,74.19354838709677,35.483870967741936,51.61290322580645,0.5483870967741935
0.3,,0.402447471358845,-147.880120940501,-1.0,28.0,train,9.67741935483871,58.06451612903226,77.41935483870968,35.483870967741936,48.38709677419355,0.55
0.5,,0.3929710805286581,-153.7430391316737,-1.0,28.0,train,6.451612903225806,61.29032258064516,77.41935483870968,32.25806451612903,48.38709677419355,0.5564516129032258
0.0,,,,,28.0,test,14.000000000000002,54.0,68.0,28.000000000000004,40.0,0.988
0.001,,0.2777346824546327,-163.29264527218874,-1.0,29.0,train,0.0,41.935483870967744,74.19354838709677,16.129032258064516,32.25806451612903,0.4274193548387097
0.005,,0.27766365740299576,-163.93558832699705,-1.0,29.0,train,0.0,41.935483870967744,74.19354838709677,16.129032258064516,32.25806451612903,0.4274193548387097
0.01,,0.27766365740299576,-164.53606985475577,-1.0,29.0,train,0.0,41.935483870967744,74.19354838709677,16.129032258064516,32.25806451612903,0.4274193548387097
0.05,,0.27913228053828953,-167.2934833405439,-1.0,29.0,train,0.0,41.935483870967744,74.19354838709677,16.129032258064516,32.25806451612903,0.4290322580645161
0.1,,0.28075114756614067,-169.6514439240849,-1.0,29.0,train,0.0,41.935483870967744,74.19354838709677,16.129032258064516,32.25806451612903,0.432258064516129
0.2,,0.28010869338247807,-173.39271870572315,-1.0,29.0,train,0.0,41.935483870967744,74.19354838709677,16.129032258064516,32.25806451612903,0.4258064516129032
0.3,,0.28063144275862006,-176.46293867416333,-1.0,29.0,train,0.0,41.935483870967744,74.19354838709677,16.129032258064516,32.25806451612903,0.4290322580645161
0.5,,0.27544882753611183,-181.17299890364183,-1.0,29.0,train,0.0,45.16129032258064,74.19354838709677,12.903225806451612,32.25806451612903,0.43548387096774194
0.0,,,,,29.0,test,18.0,62.0,68.0,38.0,50.0,1.124
0.001,,0.4123235376228417,-156.93228811900187,-1.0,30.0,train,12.903225806451612,58.06451612903226,80.64516129032258,32.25806451612903,48.38709677419355,0.5870967741935483
0.005,,0.41225251257120477,-157.7685578765838,-1.0,30.0,train,12.903225806451612,58.06451612903226,80.64516129032258,32.25806451612903,48.38709677419355,0.5870967741935483
0.01,,0.41225251257120477,-158.56606753825676,-1.0,30.0,train,12.903225806451612,58.06451612903226,80.64516129032258,32.25806451612903,48.38709677419355,0.5870967741935483
0.05,,0.41379867184961305,-162.39580986526641,-1.0,30.0,train,12.903225806451612,58.06451612903226,80.64516129032258,32.25806451612903,48.38709677419355,0.5887096774193549
0.1,,0.4149167918806874,-165.4810793507357,-1.0,30.0,train,12.903225806451612,58.06451612903226,80.64516129032258,32.25806451612903,48.38709677419355,0.5887096774193549
0.2,,0.42079363384301216,-170.243524539806,-1.0,30.0,train,12.903225806451612,58.06451612903226,80.64516129032258,32.25806451612903,48.38709677419355,0.5870967741935483
0.3,,0.4208646588946492,-174.29402064307,-1.0,30.0,train,12.903225806451612,58.06451612903226,80.64516129032258,32.25806451612903,48.38709677419355,0.5870967741935483
0.5,,0.4303711622264843,-180.2548925872168,-1.0,30.0,train,16.129032258064516,58.06451612903226,80.64516129032258,32.25806451612903,48.38709677419355,0.5903225806451613
0.0,,,,,30.0,test,10.0,50.0,62.0,26.0,40.0,0.916
0.001,,0.35083771353852916,-150.91676375209596,-1.0,31.0,train,9.67741935483871,51.61290322580645,67.74193548387096,32.25806451612903,38.70967741935484,0.4870967741935484
0.005,,0.35076668848689213,-149.72777266740118,-1.0,31.0,train,9.67741935483871,51.61290322580645,67.74193548387096,32.25806451612903,38.70967741935484,0.4870967741935484
0.01,,0.35076668848689213,-149.52446324303975,-1.0,31.0,train,9.67741935483871,51.61290322580645,67.74193548387096,32.25806451612903,38.70967741935484,0.4870967741935484
0.05,,0.3526590526229556,-150.80260930384418,-1.0,31.0,train,9.67741935483871,51.61290322580645,67.74193548387096,32.25806451612903,38.70967741935484,0.48870967741935484
0.1,,0.3516760161329376,-152.68522003885374,-1.0,31.0,train,9.67741935483871,51.61290322580645,67.74193548387096,32.25806451612903,38.70967741935484,0.4870967741935484
0.2,,0.3518273090053352,-155.7784057206864,-1.0,31.0,train,9.67741935483871,51.61290322580645,67.74193548387096,32.25806451612903,38.70967741935484,0.48870967741935484
0.3,,0.35174164726517015,-158.40087244830153,-1.0,31.0,train,9.67741935483871,51.61290322580645,67.74193548387096,32.25806451612903,38.70967741935484,0.4870967741935484
0.5,,0.35513851128220775,-162.1429396292894,-1.0,31.0,train,9.67741935483871,51.61290322580645,67.74193548387096,32.25806451612903,38.70967741935484,0.4870967741935484
0.0,,,,,31.0,test,16.0,60.0,72.0,36.0,48.0,1.108
0.001,,0.46286262191682936,-156.69457568547784,-1.0,32.0,train,19.35483870967742,64.51612903225806,83.87096774193549,38.70967741935484,48.38709677419355,0.6225806451612903
0.005,,0.4646276472579098,-157.08281666138845,-1.0,32.0,train,19.35483870967742,64.51612903225806,83.87096774193549,38.70967741935484,48.38709677419355,0.6225806451612903
0.01,,0.46279159686519244,-157.52368427945487,-1.0,32.0,train,19.35483870967742,64.51612903225806,83.87096774193549,38.70967741935484,48.38709677419355,0.6225806451612903
0.05,,0.4638434719480117,-160.23733901848436,-1.0,32.0,train,19.35483870967742,64.51612903225806,83.87096774193549,38.70967741935484,48.38709677419355,0.6241935483870967
0.1,,0.464961591979086,-162.86858454083065,-1.0,32.0,train,19.35483870967742,64.51612903225806,83.87096774193549,38.70967741935484,48.38709677419355,0.6241935483870967
0.2,,0.464961591979086,-167.12359037820264,-1.0,32.0,train,19.35483870967742,64.51612903225806,83.87096774193549,38.70967741935484,48.38709677419355,0.6241935483870967
0.3,,0.46532081794278113,-170.60177111560384,-1.0,32.0,train,19.35483870967742,64.51612903225806,83.87096774193549,38.70967741935484,48.38709677419355,0.6258064516129033
0.5,,0.4657755090927547,-175.50309938256834,-1.0,32.0,train,19.35483870967742,64.51612903225806,83.87096774193549,38.70967741935484,48.38709677419355,0.6258064516129033
0.0,,,,,32.0,test,8.0,50.0,60.0,26.0,40.0,0.894
0.001,,0.42338093271620647,-160.80151249635423,-1.0,33.0,train,12.903225806451612,61.29032258064516,70.96774193548387,45.16129032258064,51.61290322580645,0.5564516129032258
0.005,,0.4233099076645695,-161.64112938001418,-1.0,33.0,train,12.903225806451612,61.29032258064516,70.96774193548387,45.16129032258064,51.61290322580645,0.5564516129032258
0.01,,0.4233099076645695,-162.43884030535875,-1.0,33.0,train,12.903225806451612,61.29032258064516,70.96774193548387,45.16129032258064,51.61290322580645,0.5564516129032258
0.05,,0.4222993948554882,-166.23808865538373,-1.0,33.0,train,12.903225806451612,61.29032258064516,70.96774193548387,45.16129032258064,51.61290322580645,0.5564516129032258
0.1,,0.4213163583654702,-169.30549326407828,-1.0,33.0,train,12.903225806451612,61.29032258064516,70.96774193548387,45.16129032258064,51.61290322580645,0.5548387096774193
0.2,,0.4272582116214543,-173.78518667440218,-1.0,33.0,train,12.903225806451612,61.29032258064516,70.96774193548387,45.16129032258064,51.61290322580645,0.5548387096774193
0.3,,0.42732923667309125,-177.27504541534742,-1.0,33.0,train,12.903225806451612,61.29032258064516,70.96774193548387,45.16129032258064,51.61290322580645,0.5548387096774193
0.5,,0.4265215382588303,-181.98465081064458,-1.0,33.0,train,16.129032258064516,61.29032258064516,70.96774193548387,41.935483870967744,51.61290322580645,0.5564516129032258
0.0,,,,,33.0,test,12.0,56.00000000000001,68.0,28.000000000000004,38.0,1.002
0.001,,0.30366681822140024,-141.34223688876074,-1.0,34.0,train,12.903225806451612,48.38709677419355,61.29032258064516,16.129032258064516,32.25806451612903,0.432258064516129
0.005,,0.30550286861411763,-141.62321462032472,-1.0,34.0,train,12.903225806451612,48.38709677419355,61.29032258064516,16.129032258064516,32.25806451612903,0.432258064516129
0.01,,0.30366681822140024,-141.98233975242172,-1.0,34.0,train,12.903225806451612,48.38709677419355,61.29032258064516,16.129032258064516,32.25806451612903,0.432258064516129
0.05,,0.3026563054123189,-144.51952273905354,-1.0,34.0,train,12.903225806451612,48.38709677419355,61.29032258064516,16.129032258064516,32.25806451612903,0.432258064516129
0.1,,0.3016732689223009,-147.2542680493329,-1.0,34.0,train,12.903225806451612,48.38709677419355,61.29032258064516,16.129032258064516,32.25806451612903,0.4306451612903226
0.2,,0.3016235974077002,-151.6725229652163,-1.0,34.0,train,12.903225806451612,48.38709677419355,61.29032258064516,16.129032258064516,32.25806451612903,0.432258064516129
0.3,,0.3016235974077002,-155.23146786322144,-1.0,34.0,train,12.903225806451612,48.38709677419355,61.29032258064516,16.129032258064516,32.25806451612903,0.432258064516129
0.5,,0.2964120928790026,-160.53035069739906,-1.0,34.0,train,12.903225806451612,51.61290322580645,61.29032258064516,12.903225806451612,32.25806451612903,0.43870967741935485
0.0,,,,,34.0,test,12.0,60.0,76.0,38.0,52.0,1.15
0.001,,0.3750245361755797,-161.56031017620535,-1.0,35.0,train,9.67741935483871,48.38709677419355,70.96774193548387,32.25806451612903,41.935483870967744,0.5193548387096775
0.005,,0.376860586568297,-160.72402523333318,-1.0,35.0,train,9.67741935483871,48.38709677419355,70.96774193548387,32.25806451612903,41.935483870967744,0.5193548387096775
0.01,,0.3750245361755797,-160.79350850911578,-1.0,35.0,train,9.67741935483871,48.38709677419355,70.96774193548387,32.25806451612903,41.935483870967744,0.5193548387096775
0.05,,0.37317353431325423,-163.19000130583817,-1.0,35.0,train,9.67741935483871,48.38709677419355,70.96774193548387,32.25806451612903,41.935483870967744,0.5193548387096775
0.1,,0.37868423353150726,-166.048077078704,-1.0,35.0,train,9.67741935483871,48.38709677419355,74.19354838709677,32.25806451612903,41.935483870967744,0.5274193548387097
0.2,,0.38004804956646737,-170.70482918217436,-1.0,35.0,train,9.67741935483871,48.38709677419355,70.96774193548387,32.25806451612903,41.935483870967744,0.5161290322580645
0.3,,0.38170162432613763,-174.48039630362112,-1.0,35.0,train,9.67741935483871,48.38709677419355,74.19354838709677,32.25806451612903,38.70967741935484,0.5193548387096775
0.5,,0.38306741370728975,-179.03549413264952,-1.0,35.0,train,9.67741935483871,51.61290322580645,74.19354838709677,32.25806451612903,38.70967741935484,0.5274193548387097
0.0,,,,,35.0,test,12.0,57.99999999999999,70.0,28.000000000000004,44.0,1.03
0.001,,0.35894677339616815,-147.47811999761595,-1.0,36.0,train,6.451612903225806,54.83870967741935,64.51612903225806,35.483870967741936,45.16129032258064,0.49516129032258066
0.005,,0.35894677339616815,-147.61055694920813,-1.0,36.0,train,6.451612903225806,54.83870967741935,64.51612903225806,35.483870967741936,45.16129032258064,0.49516129032258066
0.01,,0.35894677339616815,-147.7912948112272,-1.0,36.0,train,6.451612903225806,54.83870967741935,64.51612903225806,35.483870967741936,45.16129032258064,0.49516129032258066
0.05,,0.3588692372530536,-149.2663606502291,-1.0,36.0,train,6.451612903225806,54.83870967741935,64.51612903225806,35.483870967741936,45.16129032258064,0.49516129032258066
0.1,,0.36319680514657304,-150.95481011660831,-1.0,36.0,train,6.451612903225806,54.83870967741935,67.74193548387096,35.483870967741936,45.16129032258064,0.5016129032258064
0.2,,0.36458685361474547,-154.04201624840155,-1.0,36.0,train,6.451612903225806,54.83870967741935,64.51612903225806,35.483870967741936,45.16129032258064,0.4935483870967742
0.3,,0.36967053396216165,-156.8499539038455,-1.0,36.0,train,6.451612903225806,54.83870967741935,67.74193548387096,35.483870967741936,45.16129032258064,0.5
0.5,,0.3811239512650074,-160.46709587147993,-1.0,36.0,train,9.67741935483871,54.83870967741935,67.74193548387096,35.483870967741936,45.16129032258064,0.5048387096774194
0.0,,,,,36.0,test,14.000000000000002,57.99999999999999,74.0,30.0,44.0,1.07
0.001,,0.38215759769307234,-163.93263878332903,-1.0,37.0,train,12.903225806451612,54.83870967741935,70.96774193548387,32.25806451612903,41.935483870967744,0.5225806451612903
0.005,,0.38215759769307234,-162.54574983047257,-1.0,37.0,train,12.903225806451612,54.83870967741935,70.96774193548387,32.25806451612903,41.935483870967744,0.5225806451612903
0.01,,0.38215759769307234,-162.1234589011312,-1.0,37.0,train,12.903225806451612,54.83870967741935,70.96774193548387,32.25806451612903,41.935483870967744,0.5225806451612903
0.05,,0.38362622082836617,-162.44318619904598,-1.0,37.0,train,12.903225806451612,54.83870967741935,70.96774193548387,32.25806451612903,41.935483870967744,0.5241935483870968
0.1,,0.38467932956578116,-163.74181318142962,-1.0,37.0,train,12.903225806451612,54.83870967741935,70.96774193548387,32.25806451612903,41.935483870967744,0.5225806451612903
0.2,,0.3846296580511804,-166.1482914366232,-1.0,37.0,train,12.903225806451612,54.83870967741935,70.96774193548387,32.25806451612903,41.935483870967744,0.5241935483870968
0.3,,0.3846296580511804,-168.26871640113066,-1.0,37.0,train,12.903225806451612,54.83870967741935,70.96774193548387,32.25806451612903,41.935483870967744,0.5241935483870968
0.5,,0.3780211179068179,-171.44417546975546,-1.0,37.0,train,12.903225806451612,54.83870967741935,70.96774193548387,29.03225806451613,41.935483870967744,0.5225806451612903
0.0,,,,,37.0,test,12.0,60.0,70.0,30.0,44.0,1.062
0.001,,0.34444218043712727,-160.76054739588398,-1.0,38.0,train,12.903225806451612,45.16129032258064,67.74193548387096,25.806451612903224,32.25806451612903,0.44516129032258067
0.005,,0.3462072057782077,-161.3744509638949,-1.0,38.0,train,12.903225806451612,45.16129032258064,67.74193548387096,25.806451612903224,32.25806451612903,0.44516129032258067
0.01,,0.3444361666791496,-161.94553961678932,-1.0,38.0,train,12.903225806451612,45.16129032258064,67.74193548387096,25.806451612903224,32.25806451612903,0.4467741935483871
0.05,,0.3435807261562974,-164.58447563962912,-1.0,38.0,train,12.903225806451612,45.16129032258064,67.74193548387096,25.806451612903224,32.25806451612903,0.4467741935483871
0.1,,0.3417099116362598,-166.78494872493565,-1.0,38.0,train,12.903225806451612,45.16129032258064,67.74193548387096,25.806451612903224,32.25806451612903,0.4435483870967742
0.2,,0.34172028926718506,-170.24502606996796,-1.0,38.0,train,12.903225806451612,45.16129032258064,67.74193548387096,25.806451612903224,32.25806451612903,0.44193548387096776
0.3,,0.34548393541832034,-172.99087521255532,-1.0,38.0,train,12.903225806451612,45.16129032258064,67.74193548387096,25.806451612903224,32.25806451612903,0.4435483870967742
0.5,,0.34753505329521245,-176.33552792699376,-1.0,38.0,train,16.129032258064516,45.16129032258064,67.74193548387096,22.58064516129032,32.25806451612903,0.45
0.0,,,,,38.0,test,12.0,60.0,70.0,32.0,50.0,1.096
0.001,,0.4730143653926649,-142.910852447848,-1.0,39.0,train,22.58064516129032,67.74193548387096,83.87096774193549,35.483870967741936,54.83870967741935,0.6225806451612903
0.005,,0.47294334034102786,-143.12003243957972,-1.0,39.0,train,22.58064516129032,67.74193548387096,83.87096774193549,35.483870967741936,54.83870967741935,0.6225806451612903
0.01,,0.4730083516346873,-143.39403371511332,-1.0,39.0,train,22.58064516129032,67.74193548387096,83.87096774193549,35.483870967741936,54.83870967741935,0.6241935483870967
0.05,,0.4750557880569798,-145.43816802097672,-1.0,39.0,train,22.58064516129032,67.74193548387096,83.87096774193549,35.483870967741936,54.83870967741935,0.6258064516129033
0.1,,0.4737507318273782,-147.76225422621275,-1.0,39.0,train,22.58064516129032,67.74193548387096,83.87096774193549,35.483870967741936,54.83870967741935,0.6274193548387097
0.2,,0.47291820591087097,-151.7491943065896,-1.0,39.0,train,22.58064516129032,67.74193548387096,83.87096774193549,35.483870967741936,54.83870967741935,0.6209677419354839
0.3,,0.4768705481459991,-155.0399284200921,-1.0,39.0,train,22.58064516129032,67.74193548387096,83.87096774193549,35.483870967741936,54.83870967741935,0.6258064516129033
0.5,,0.4838728513639582,-159.41484019615325,-1.0,39.0,train,22.58064516129032,67.74193548387096,83.87096774193549,35.483870967741936,54.83870967741935,0.6306451612903226
0.0,,,,,39.0,test,4.0,50.0,62.0,26.0,38.0,0.912
0.001,,0.46045561131041446,-137.51151237897122,-1.0,40.0,train,12.903225806451612,61.29032258064516,87.09677419354838,38.70967741935484,51.61290322580645,0.6338709677419355
0.005,,0.4622916617031318,-138.36788531050234,-1.0,40.0,train,12.903225806451612,61.29032258064516,87.09677419354838,38.70967741935484,51.61290322580645,0.6338709677419355
0.01,,0.46045561131041446,-139.2068687233866,-1.0,40.0,train,12.903225806451612,61.29032258064516,87.09677419354838,38.70967741935484,51.61290322580645,0.6338709677419355
0.05,,0.4598837909717109,-143.25968714710027,-1.0,40.0,train,12.903225806451612,61.29032258064516,87.09677419354838,38.70967741935484,51.61290322580645,0.6338709677419355
0.1,,0.46532947889630466,-146.60017655348685,-1.0,40.0,train,12.903225806451612,61.29032258064516,90.32258064516128,38.70967741935484,51.61290322580645,0.6403225806451613
0.2,,0.46664362341666404,-151.67750550916776,-1.0,40.0,train,12.903225806451612,61.29032258064516,87.09677419354838,38.70967741935484,51.61290322580645,0.6306451612903226
0.3,,0.46816619678483806,-155.75377089515464,-1.0,40.0,train,12.903225806451612,61.29032258064516,90.32258064516128,38.70967741935484,51.61290322580645,0.635483870967742
0.5,,0.47211150430486204,-161.0852239025019,-1.0,40.0,train,16.129032258064516,64.51612903225806,90.32258064516128,35.483870967741936,51.61290322580645,0.6435483870967742
0.0,,,,,40.0,test,10.0,50.0,60.0,24.0,40.0,0.896
0.001,,0.43771222877328797,-132.10470882078906,-1.0,41.0,train,16.129032258064516,61.29032258064516,83.87096774193549,35.483870967741936,45.16129032258064,0.5935483870967742
0.005,,0.43771222877328797,-132.3168763704067,-1.0,41.0,train,16.129032258064516,61.29032258064516,83.87096774193549,35.483870967741936,45.16129032258064,0.5935483870967742
0.01,,0.43771222877328797,-132.58364883510023,-1.0,41.0,train,16.129032258064516,61.29032258064516,83.87096774193549,35.483870967741936,45.16129032258064,0.5935483870967742
0.05,,0.43855271782653216,-134.55469129347512,-1.0,41.0,train,16.129032258064516,61.29032258064516,83.87096774193549,35.483870967741936,45.16129032258064,0.5935483870967742
0.1,,0.43813543962695023,-136.76724751951366,-1.0,41.0,train,16.129032258064516,61.29032258064516,83.87096774193549,35.483870967741936,45.16129032258064,0.5967741935483871
0.2,,0.43745420658284057,-140.80126273602298,-1.0,41.0,train,16.129032258064516,61.29032258064516,83.87096774193549,35.483870967741936,45.16129032258064,0.5919354838709677
0.3,,0.4379059309073456,-144.47865935679377,-1.0,41.0,train,16.129032258064516,61.29032258064516,83.87096774193549,35.483870967741936,45.16129032258064,0.5951612903225807
0.5,,0.4314285513553222,-150.24159464567978,-1.0,41.0,train,16.129032258064516,61.29032258064516,83.87096774193549,32.25806451612903,45.16129032258064,0.5935483870967742
0.0,,,,,41.0,test,10.0,52.0,64.0,30.0,44.0,0.962
0.001,,0.47394460813695,-143.17971202373468,-1.0,42.0,train,29.03225806451613,61.29032258064516,74.19354838709677,38.70967741935484,54.83870967741935,0.5758064516129032
0.005,,0.47394460813695,-143.3997716935928,-1.0,42.0,train,29.03225806451613,61.29032258064516,74.19354838709677,38.70967741935484,54.83870967741935,0.5758064516129032
0.01,,0.47400961943060926,-143.67183227807513,-1.0,42.0,train,29.03225806451613,61.29032258064516,74.19354838709677,38.70967741935484,54.83870967741935,0.5774193548387097
0.05,,0.4722361537113984,-145.7164402423704,-1.0,42.0,train,29.03225806451613,61.29032258064516,74.19354838709677,38.70967741935484,54.83870967741935,0.5774193548387097
0.1,,0.47073100264708123,-147.9427121019201,-1.0,42.0,train,29.03225806451613,61.29032258064516,74.19354838709677,38.70967741935484,54.83870967741935,0.5790322580645161
0.2,,0.47001315953883405,-151.8033976495491,-1.0,42.0,train,29.03225806451613,61.29032258064516,74.19354838709677,38.70967741935484,54.83870967741935,0.5725806451612904
0.3,,0.47389447672232515,-155.06751167885787,-1.0,42.0,train,29.03225806451613,61.29032258064516,74.19354838709677,38.70967741935484,54.83870967741935,0.5774193548387097
0.5,,0.47757570954261236,-159.64889777260663,-1.0,42.0,train,29.03225806451613,61.29032258064516,74.19354838709677,38.70967741935484,54.83870967741935,0.582258064516129
0.0,,,,,42.0,test,4.0,54.0,70.0,28.000000000000004,38.0,0.98
0.001,,0.3604953296621774,-178.3560367071633,-1.0,43.0,train,9.67741935483871,51.61290322580645,67.74193548387096,32.25806451612903,41.935483870967744,0.4967741935483871
0.005,,0.3622603550032578,-177.65438419881784,-1.0,43.0,train,9.67741935483871,51.61290322580645,67.74193548387096,32.25806451612903,41.935483870967744,0.4967741935483871
0.01,,0.3604243046105405,-177.84705974930137,-1.0,43.0,train,9.67741935483871,51.61290322580645,67.74193548387096,32.25806451612903,41.935483870967744,0.4967741935483871
0.05,,0.3604243046105405,-180.47166099164113,-1.0,43.0,train,9.67741935483871,51.61290322580645,67.74193548387096,32.25806451612903,41.935483870967744,0.4967741935483871
0.1,,0.36425112550728306,-183.1669001984828,-1.0,43.0,train,9.67741935483871,51.61290322580645,70.96774193548387,32.25806451612903,41.935483870967744,0.5
0.2,,0.3664190662292287,-187.27853292479875,-1.0,43.0,train,9.67741935483871,51.61290322580645,67.74193548387096,32.25806451612903,41.935483870967744,0.49516129032258066
0.3,,0.36410566206524275,-190.55031514298395,-1.0,43.0,train,9.67741935483871,51.61290322580645,70.96774193548387,32.25806451612903,38.70967741935484,0.49193548387096775
0.5,,0.3735311759402311,-195.4990054885999,-1.0,43.0,train,12.903225806451612,51.61290322580645,70.96774193548387,32.25806451612903,38.70967741935484,0.49516129032258066
0.0,,,,,43.0,test,14.000000000000002,57.99999999999999,70.0,32.0,44.0,1.056
0.001,,0.30940680796407694,-168.5248298985516,-1.0,44.0,train,0.0,58.06451612903226,67.74193548387096,22.58064516129032,35.483870967741936,0.49032258064516127
0.005,,0.31117183330515735,-168.8285988832582,-1.0,44.0,train,0.0,58.06451612903226,67.74193548387096,22.58064516129032,35.483870967741936,0.49032258064516127
0.01,,0.30933578291243996,-169.18252587439542,-1.0,44.0,train,0.0,58.06451612903226,67.74193548387096,22.58064516129032,35.483870967741936,0.49032258064516127
0.05,,0.3096819877700951,-171.24862239809855,-1.0,44.0,train,0.0,58.06451612903226,67.74193548387096,22.58064516129032,35.483870967741936,0.49032258064516127
0.1,,0.313643892207894,-173.14566634475628,-1.0,44.0,train,0.0,58.06451612903226,70.96774193548387,22.58064516129032,35.483870967741936,0.49193548387096775
0.2,,0.3157517837843136,-176.27517162255882,-1.0,44.0,train,0.0,58.06451612903226,67.74193548387096,22.58064516129032,35.483870967741936,0.49032258064516127
0.3,,0.31731337291193396,-179.07772652442662,-1.0,44.0,train,0.0,58.06451612903226,70.96774193548387,22.58064516129032,35.483870967741936,0.4935483870967742
0.5,,0.3184865632839066,-182.42895804980793,-1.0,44.0,train,3.225806451612903,58.06451612903226,70.96774193548387,19.35483870967742,35.483870967741936,0.49516129032258066
0.0,,,,,44.0,test,18.0,56.00000000000001,72.0,34.0,48.0,1.076
0.001,,0.3163167080813804,-155.54558715478163,-1.0,45.0,train,9.67741935483871,45.16129032258064,61.29032258064516,25.806451612903224,29.03225806451613,0.4080645161290323
0.005,,0.31624568302974343,-154.6298415974462,-1.0,45.0,train,9.67741935483871,45.16129032258064,61.29032258064516,25.806451612903224,29.03225806451613,0.4080645161290323
0.01,,0.3163106943234027,-154.59725689942644,-1.0,45.0,train,9.67741935483871,45.16129032258064,61.29032258064516,25.806451612903224,29.03225806451613,0.4096774193548387
0.05,,0.3149609696049615,-156.15134312261225,-1.0,45.0,train,9.67741935483871,45.16129032258064,61.29032258064516,25.806451612903224,29.03225806451613,0.4096774193548387
0.1,,0.3119720350538496,-158.11182095845666,-1.0,45.0,train,9.67741935483871,45.16129032258064,61.29032258064516,25.806451612903224,29.03225806451613,0.4064516129032258
0.2,,0.31186772987651473,-161.28335611777433,-1.0,45.0,train,9.67741935483871,45.16129032258064,61.29032258064516,25.806451612903224,29.03225806451613,0.40483870967741936
0.3,,0.30835196254860375,-163.82841879889364,-1.0,45.0,train,9.67741935483871,45.16129032258064,61.29032258064516,25.806451612903224,25.806451612903224,0.4
0.5,,0.320034782893769,-167.59343366430707,-1.0,45.0,train,12.903225806451612,45.16129032258064,61.29032258064516,25.806451612903224,25.806451612903224,0.4080645161290323
0.0,,,,,45.0,test,14.000000000000002,64.0,76.0,36.0,54.0,1.184
0.001,,0.34349305099139255,-141.43902222627761,-1.0,46.0,train,3.225806451612903,51.61290322580645,77.41935483870968,25.806451612903224,38.70967741935484,0.5161290322580645
0.005,,0.3452580763324729,-142.2751829992899,-1.0,46.0,train,3.225806451612903,51.61290322580645,77.41935483870968,25.806451612903224,38.70967741935484,0.5161290322580645
0.01,,0.34342202593975557,-143.07163307365857,-1.0,46.0,train,3.225806451612903,51.61290322580645,77.41935483870968,25.806451612903224,38.70967741935484,0.5161290322580645
0.05,,0.34262289916024946,-146.83362235718008,-1.0,46.0,train,3.225806451612903,51.61290322580645,77.41935483870968,25.806451612903224,38.70967741935484,0.5177419354838709
0.1,,0.34262289916024946,-149.83604787475588,-1.0,46.0,train,3.225806451612903,51.61290322580645,77.41935483870968,25.806451612903224,38.70967741935484,0.5177419354838709
0.2,,0.34838505831431416,-154.2578058580199,-1.0,46.0,train,3.225806451612903,51.61290322580645,77.41935483870968,25.806451612903224,38.70967741935484,0.5161290322580645
0.3,,0.34874428427800935,-157.77326740731334,-1.0,46.0,train,3.225806451612903,51.61290322580645,77.41935483870968,25.806451612903224,38.70967741935484,0.5177419354838709
0.5,,0.3614406827010178,-163.19782187409822,-1.0,46.0,train,6.451612903225806,54.83870967741935,77.41935483870968,25.806451612903224,38.70967741935484,0.5290322580645161
0.0,,,,,46.0,test,18.0,56.00000000000001,64.0,38.0,48.0,1.026
0.001,,0.4406283283530533,-133.24528856052095,-1.0,47.0,train,16.129032258064516,64.51612903225806,83.87096774193549,35.483870967741936,48.38709677419355,0.617741935483871
0.005,,0.4406283283530533,-133.45373763720272,-1.0,47.0,train,16.129032258064516,64.51612903225806,83.87096774193549,35.483870967741936,48.38709677419355,0.617741935483871
0.01,,0.4406283283530533,-133.72617380052128,-1.0,47.0,train,16.129032258064516,64.51612903225806,83.87096774193549,35.483870967741936,48.38709677419355,0.617741935483871
0.05,,0.4400565080143498,-135.74468915897668,-1.0,47.0,train,16.129032258064516,64.51612903225806,83.87096774193549,35.483870967741936,48.38709677419355,0.617741935483871
0.1,,0.44167537504220084,-138.02892658543774,-1.0,47.0,train,16.129032258064516,64.51612903225806,83.87096774193549,35.483870967741936,48.38709677419355,0.6209677419354839
0.2,,0.44090786041935287,-141.97818274443745,-1.0,47.0,train,16.129032258064516,64.51612903225806,83.87096774193549,35.483870967741936,48.38709677419355,0.6161290322580645
0.3,,0.4450773785149022,-145.20552021637943,-1.0,47.0,train,16.129032258064516,64.51612903225806,83.87096774193549,35.483870967741936,48.38709677419355,0.6225806451612903
0.5,,0.4412041674982522,-149.88890409811125,-1.0,47.0,train,12.903225806451612,67.74193548387096,83.87096774193549,35.483870967741936,48.38709677419355,0.6290322580645161
0.0,,,,,47.0,test,10.0,52.0,64.0,30.0,42.0,0.95
0.001,,0.3689197992959735,-150.65248955024427,-1.0,48.0,train,16.129032258064516,54.83870967741935,64.51612903225806,32.25806451612903,38.70967741935484,0.5064516129032258
0.005,,0.3689197992959735,-149.44809793897892,-1.0,48.0,train,16.129032258064516,54.83870967741935,64.51612903225806,32.25806451612903,38.70967741935484,0.5064516129032258
0.01,,0.3689197992959735,-149.22730395150563,-1.0,48.0,train,16.129032258064516,54.83870967741935,64.51612903225806,32.25806451612903,38.70967741935484,0.5064516129032258
0.05,,0.36934354029674316,-150.5565827680928,-1.0,48.0,train,16.129032258064516,54.83870967741935,64.51612903225806,32.25806451612903,38.70967741935484,0.5064516129032258
0.1,,0.3733704560282014,-152.4924795000618,-1.0,48.0,train,16.129032258064516,54.83870967741935,67.74193548387096,32.25806451612903,38.70967741935484,0.5096774193548387
0.2,,0.3696615547878222,-155.85135299332097,-1.0,48.0,train,16.129032258064516,54.83870967741935,64.51612903225806,32.25806451612903,38.70967741935484,0.5064516129032258
0.3,,0.3742683381391875,-158.8616203913234,-1.0,48.0,train,16.129032258064516,54.83870967741935,67.74193548387096,32.25806451612903,38.70967741935484,0.5080645161290323
0.5,,0.3746080650170913,-162.48043996498123,-1.0,48.0,train,16.129032258064516,54.83870967741935,67.74193548387096,32.25806451612903,38.70967741935484,0.5096774193548387
0.0,,,,,48.0,test,8.0,56.00000000000001,72.0,28.000000000000004,48.0,1.05
0.001,,0.45182002493749235,-132.8901132173188,-1.0,49.0,train,22.58064516129032,61.29032258064516,74.19354838709677,35.483870967741936,45.16129032258064,0.5596774193548387
0.005,,0.45182002493749235,-133.26255465210212,-1.0,49.0,train,22.58064516129032,61.29032258064516,74.19354838709677,35.483870967741936,45.16129032258064,0.5596774193548387
0.01,,0.45188503623115167,-133.68317690892135,-1.0,49.0,train,22.58064516129032,61.29032258064516,74.19354838709677,35.483870967741936,45.16129032258064,0.5612903225806452
0.05,,0.45146828817867724,-136.27515470499858,-1.0,49.0,train,22.58064516129032,61.29032258064516,74.19354838709677,35.483870967741936,45.16129032258064,0.5612903225806452
0.1,,0.4532241997206666,-138.68082075363807,-1.0,49.0,train,22.58064516129032,61.29032258064516,77.41935483870968,35.483870967741936,45.16129032258064,0.5612903225806452
0.2,,0.449314334093289,-142.58328118658886,-1.0,49.0,train,22.58064516129032,61.29032258064516,74.19354838709677,35.483870967741936,45.16129032258064,0.5580645161290323
0.3,,0.44708659166946824,-145.99436304380828,-1.0,49.0,train,22.58064516129032,61.29032258064516,77.41935483870968,35.483870967741936,41.935483870967744,0.5564516129032258
0.5,,0.4556102102022077,-150.24646116405228,-1.0,49.0,train,25.806451612903224,61.29032258064516,77.41935483870968,35.483870967741936,41.935483870967744,0.5629032258064516
0.0,,,,,49.0,test,8.0,54.0,66.0,30.0,44.0,0.996
